0 0.731448 0.607928 0.014397 0.014397
0 0.712766 0.602272 0.020225 0.008570
0 0.695969 0.607071 0.009941 0.009941
0 0.676430 0.618898 0.015426 0.013026
0 0.712766 0.615127 0.015426 0.013712
0 0.732820 0.649578 0.015083 0.018854
0 0.635365 0.682584 0.017666 0.013369
0 0.483054 0.636748 0.017666 0.013369
0 0.716295 0.650594 0.013369 0.010504
0 0.698390 0.689507 0.021486 0.014801
0 0.682156 0.697147 0.014801 0.015756
0 0.733245 0.683300 0.018621 0.015756
0 0.705791 0.712903 0.017189 0.015756
0 0.417265 0.787816 0.018048 0.016711
0 0.438322 0.798511 0.028075 0.014037
0 0.438990 0.813551 0.017380 0.014706
0 0.463723 0.804527 0.021390 0.019385
0 0.516530 0.786813 0.025401 0.014706
0 0.588723 0.780463 0.014706 0.023396
0 0.494471 0.832936 0.021390 0.021390
0 0.705701 0.777121 0.010695 0.019385
0 0.720407 0.780129 0.013369 0.022727
0 0.690327 0.801185 0.017380 0.018048
0 0.672279 0.818231 0.021390 0.018717
0 0.642867 0.826252 0.016043 0.020053
0 0.712720 0.831600 0.023396 0.018717
0 0.779899 0.832602 0.020053 0.024733