0 0.245972 0.847769 0.018862 0.020041
0 0.308159 0.846295 0.028883 0.019452
0 0.311106 0.793834 0.017094 0.014736
0 0.331737 0.814760 0.025346 0.015326
0 0.347652 0.829496 0.032420 0.018862
0 0.380956 0.833622 0.018862 0.017683
0 0.430470 0.789413 0.027115 0.023578
0 0.502677 0.789413 0.031241 0.018862
0 0.530381 0.834506 0.017094 0.024167
0 0.554254 0.804739 0.011789 0.023578
0 0.585200 0.804444 0.020631 0.028883
0 0.600820 0.781750 0.030651 0.017683
0 0.327905 0.634388 0.014147 0.012968
0 0.372998 0.690091 0.015915 0.012378
0 0.311401 0.702470 0.016505 0.013557
0 0.331737 0.706596 0.015915 0.013557
0 0.308748 0.728111 0.018273 0.016505
0 0.279571 0.697459 0.016505 0.018862
0 0.278392 0.665629 0.011789 0.014147
0 0.294896 0.663861 0.012968 0.010610
0 0.274855 0.623483 0.009431 0.011200
0 0.294896 0.612579 0.009431 0.009431
0 0.312580 0.617589 0.014147 0.008842
0 0.296075 0.628788 0.011789 0.013557