0 0.401422 0.882775 0.025067 0.020471
0 0.339173 0.899277 0.017547 0.020053
0 0.387426 0.832850 0.019636 0.017547
0 0.412702 0.847890 0.016711 0.020889
0 0.435262 0.857917 0.019218 0.017547
0 0.465342 0.852695 0.015876 0.022142
0 0.500645 0.793161 0.016293 0.019218
0 0.572294 0.776659 0.021725 0.017129
0 0.609686 0.815512 0.015458 0.023814
0 0.653762 0.774361 0.020053 0.024231
0 0.669846 0.746787 0.019636 0.015876
0 0.628486 0.781672 0.017965 0.020471
0 0.371342 0.668245 0.024231 0.010862
0 0.325177 0.713992 0.010445 0.011280
0 0.335830 0.742610 0.018382 0.012533
0 0.372804 0.739267 0.009609 0.012533
0 0.429622 0.716498 0.010445 0.009609
0 0.375729 0.767885 0.012951 0.017129
0 0.385964 0.741774 0.006684 0.014205
0 0.342724 0.711694 0.011280 0.012533
0 0.346275 0.662396 0.010862 0.010862
0 0.313270 0.675347 0.013369 0.011698