0 0.303268 0.731214 0.027613 0.020381
0 0.358824 0.721024 0.025641 0.018409
0 0.351592 0.672700 0.019066 0.019066
0 0.356851 0.654620 0.015122 0.011834
0 0.376904 0.686178 0.017094 0.015779
0 0.393998 0.698013 0.017094 0.018409
0 0.422269 0.699656 0.018409 0.021696
0 0.467305 0.646731 0.021696 0.015779
0 0.535681 0.644429 0.025641 0.021696
0 0.570198 0.686836 0.017094 0.019724
0 0.591237 0.657250 0.019724 0.017094
0 0.620165 0.651990 0.026298 0.026298
0 0.633972 0.627335 0.014464 0.013807
0 0.346003 0.608598 0.018409 0.018409
0 0.310500 0.584600 0.015779 0.016437
0 0.303926 0.552385 0.007890 0.011177
0 0.321020 0.548769 0.013149 0.011834
0 0.297680 0.513923 0.012492 0.017094
0 0.312801 0.501760 0.009862 0.012492
0 0.331210 0.506362 0.009862 0.012492
0 0.316417 0.517868 0.009204 0.013149
0 0.348304 0.514909 0.017751 0.013807
0 0.407147 0.564876 0.019724 0.013807
0 0.360467 0.583943 0.018409 0.015122
0 0.344031 0.581642 0.014464 0.014464