0 0.281054 0.709411 0.029915 0.023077
0 0.337037 0.708129 0.039316 0.015385
0 0.336610 0.653000 0.019658 0.023077
0 0.361396 0.676505 0.019658 0.023932
0 0.455413 0.646163 0.024786 0.019658
0 0.409259 0.695735 0.026496 0.017949
0 0.377635 0.690607 0.016239 0.021368
0 0.553276 0.688470 0.020513 0.027350
0 0.527635 0.649582 0.029060 0.021368
0 0.581054 0.657701 0.024786 0.020513
0 0.609259 0.659411 0.019658 0.018803
0 0.624644 0.638043 0.023077 0.018803
0 0.400712 0.558556 0.021368 0.010256
0 0.341738 0.572658 0.011111 0.011111
0 0.358405 0.578214 0.022222 0.018803
0 0.338746 0.597872 0.025641 0.017094
0 0.307123 0.567103 0.017094 0.017094
0 0.300285 0.538898 0.017094 0.015385
0 0.318661 0.538043 0.016239 0.017094
0 0.295584 0.497872 0.014530 0.015385
0 0.311823 0.489325 0.016239 0.017094
0 0.330199 0.491889 0.011966 0.013675
0 0.312251 0.505564 0.015385 0.017094
0 0.351994 0.505564 0.023077 0.013675
0 0.541311 0.501291 0.027350 0.015385