0 0.297254 0.533003 0.014147 0.014147
0 0.312875 0.520625 0.018273 0.008252
0 0.333211 0.517972 0.010610 0.008842
0 0.351483 0.527993 0.016505 0.012378
0 0.316706 0.533003 0.017683 0.007073
0 0.307864 0.569844 0.014147 0.012378
0 0.327611 0.567781 0.015915 0.012968
0 0.413376 0.575738 0.020041 0.015915
0 0.552191 0.494099 0.022989 0.014147
0 0.355610 0.594600 0.014147 0.010021
0 0.369462 0.600495 0.012378 0.011200
0 0.320537 0.602263 0.012378 0.017094
0 0.361799 0.619357 0.020631 0.011200
0 0.366220 0.679303 0.018862 0.021220
0 0.320537 0.748268 0.024167 0.021220
0 0.382724 0.729406 0.022399 0.012968
0 0.395397 0.698755 0.014736 0.012968
0 0.413376 0.709660 0.016505 0.021810
0 0.445795 0.704944 0.014147 0.017094
0 0.478510 0.654251 0.019452 0.021810
0 0.584021 0.678419 0.025346 0.024167
0 0.550717 0.643641 0.027115 0.022989
0 0.610546 0.643936 0.017094 0.020041
0 0.633829 0.641284 0.020041 0.018273
0 0.643555 0.618884 0.030062 0.010021