0 0.823481 0.908238 0.049145 0.055556
0 0.778965 0.913580 0.045584 0.042023
0 0.798196 0.965218 0.049858 0.037037
0 0.813153 0.988723 0.061254 0.021368
0 0.607669 0.477965 0.020655 0.017806
0 0.645774 0.463007 0.012821 0.022080
0 0.635090 0.459446 0.018519 0.017806
0 0.584164 0.451611 0.024929 0.016382
0 0.423050 0.487166 0.017971 0.017532
0 0.451759 0.451663 0.024545 0.013149
0 0.469510 0.487604 0.018847 0.016656
0 0.467319 0.466127 0.018847 0.011396
0 0.488138 0.475331 0.014902 0.014026
0 0.517286 0.477523 0.021477 0.014902
0 0.531969 0.451882 0.020162 0.012711
0 0.416475 0.413311 0.017971 0.010958
0 0.411873 0.394025 0.014902 0.011834
0 0.426775 0.395998 0.009643 0.010519
0 0.457018 0.385478 0.010519 0.014902
0 0.379219 0.391176 0.017094 0.013149
0 0.358180 0.364878 0.009204 0.013149
0 0.374836 0.364659 0.010081 0.011834
0 0.388204 0.342086 0.015779 0.020162
0 0.364974 0.329813 0.014026 0.011396
0 0.348537 0.325430 0.013588 0.007890
0 0.334950 0.331566 0.015341 0.008766
0 0.355331 0.337264 0.014026 0.010519
0 0.654847 0.452715 0.015326 0.011789