0 0.830783 0.902205 0.059829 0.045177
0 0.793237 0.910142 0.049451 0.041514
0 0.807279 0.960508 0.062882 0.044567
0 0.821931 0.988343 0.044567 0.023313
0 0.425588 0.489033 0.015341 0.021039
0 0.452106 0.454626 0.017532 0.018847
0 0.472706 0.466241 0.016656 0.011396
0 0.469200 0.484650 0.020162 0.008766
0 0.492430 0.476103 0.009643 0.017094
0 0.514345 0.477199 0.022792 0.016656
0 0.530344 0.449585 0.019724 0.013149
0 0.585790 0.449585 0.020162 0.011396
0 0.617129 0.474569 0.016217 0.014902
0 0.639044 0.460981 0.038133 0.024545
0 0.421424 0.414302 0.012273 0.015341
0 0.334201 0.337379 0.014026 0.010519
0 0.348227 0.326640 0.017532 0.011834
0 0.374963 0.369156 0.009643 0.013588
0 0.360499 0.369375 0.011396 0.011396
0 0.451887 0.388222 0.016217 0.012273
0 0.424054 0.398084 0.011396 0.013588
0 0.411562 0.394797 0.011834 0.013149