0 0.790938 0.910472 0.051282 0.035742
0 0.825126 0.901925 0.046102 0.038332
0 0.809068 0.963049 0.053354 0.050764
0 0.825385 0.988000 0.043512 0.024000
0 0.617198 0.478183 0.014395 0.014395
0 0.583910 0.454341 0.015295 0.011696
0 0.630618 0.464821 0.016944 0.010529
0 0.513734 0.478408 0.009897 0.012146
0 0.493716 0.478632 0.014845 0.011696
0 0.470549 0.486055 0.021592 0.012146
0 0.472799 0.470535 0.014395 0.013495
0 0.449407 0.452767 0.012596 0.011246
0 0.426015 0.484930 0.008997 0.020693
0 0.534427 0.452092 0.013495 0.014395
0 0.359213 0.366397 0.008547 0.007647
0 0.332223 0.334683 0.011246 0.009897
0 0.345943 0.326136 0.008097 0.008997
0 0.363937 0.330634 0.015295 0.006298
0 0.354940 0.339406 0.008097 0.007647
0 0.385979 0.340981 0.012596 0.009897
0 0.375858 0.368646 0.012146 0.012146
0 0.410945 0.391813 0.009447 0.011696
0 0.427589 0.399460 0.011246 0.012596
0 0.451656 0.388664 0.014395 0.007197
0 0.421067 0.413630 0.010796 0.014845
0 0.654714 0.449051 0.022792 0.008328
0 0.648139 0.461543 0.017532 0.014026