0 0.241639 0.818088 0.021109 0.035182
0 0.301447 0.837086 0.030960 0.022516
0 0.301095 0.891266 0.026034 0.018294
0 0.240935 0.896191 0.019702 0.022516
0 0.371810 0.142837 0.015480 0.030960
0 0.440766 0.058401 0.015480 0.029552
0 0.440766 0.128061 0.015480 0.026738
0 0.406640 0.176963 0.016184 0.024627
0 0.440414 0.171334 0.016184 0.016184
0 0.452376 0.199831 0.014776 0.033774
0 0.518869 0.131579 0.019702 0.022516
0 0.561087 0.181185 0.014073 0.024627
0 0.579381 0.181537 0.019702 0.022516
0 0.541737 0.288840 0.024627 0.023220
0 0.588528 0.257881 0.018294 0.020405
0 0.608934 0.276175 0.012665 0.026034
0 0.618081 0.254011 0.021109 0.016887
0 0.650448 0.247678 0.021109 0.019702