0 0.288261 0.828877 0.024510 0.028223
0 0.234042 0.810309 0.018568 0.038622
0 0.230329 0.889780 0.024510 0.028223
0 0.283433 0.889037 0.019311 0.029709
0 0.553784 0.291889 0.022282 0.026738
0 0.571238 0.183081 0.018568 0.025995
0 0.589063 0.183081 0.020053 0.020053
0 0.531131 0.129976 0.023024 0.023767
0 0.452031 0.126263 0.014854 0.020796
0 0.386672 0.135918 0.016340 0.029709
0 0.419351 0.171940 0.014854 0.030452
0 0.448689 0.166741 0.023024 0.017083
0 0.465029 0.191622 0.024510 0.037136
0 0.457973 0.054961 0.017825 0.028223
0 0.599090 0.262923 0.020796 0.016340
0 0.616915 0.283720 0.016340 0.031194
0 0.632512 0.257724 0.019311 0.020796
0 0.657393 0.249554 0.017083 0.022282