0 0.388922 0.228044 0.020053 0.023139
0 0.416174 0.238585 0.012855 0.017483
0 0.471964 0.175854 0.009255 0.027766
0 0.490989 0.173283 0.012341 0.024681
0 0.540351 0.131890 0.014397 0.028281
0 0.626992 0.073787 0.015940 0.027252
0 0.680983 0.168912 0.014912 0.026224
0 0.618508 0.144745 0.014397 0.016968
0 0.609253 0.189223 0.015426 0.016454
0 0.646789 0.192822 0.017483 0.022624
0 0.596398 0.212104 0.009255 0.021082
0 0.488161 0.284091 0.017997 0.020053
0 0.449082 0.248612 0.016968 0.013883
0 0.432628 0.266608 0.023139 0.025195
0 0.647504 0.866310 0.032086 0.029412
0 0.709670 0.856952 0.014706 0.037433
0 0.641488 0.916444 0.030749 0.030749
0 0.699643 0.931818 0.026738 0.037433