0 0.418606 0.287622 0.015756 0.026261
0 0.444389 0.316509 0.016711 0.020053
0 0.454655 0.349692 0.015279 0.027215
0 0.474947 0.344679 0.021486 0.017189
0 0.508608 0.411763 0.020053 0.028170
0 0.501685 0.293590 0.012892 0.021963
0 0.519590 0.308392 0.022918 0.018144
0 0.576408 0.301707 0.020053 0.012414
0 0.669991 0.313166 0.021963 0.037242
0 0.652086 0.372133 0.020531 0.025306
0 0.639911 0.410330 0.021963 0.026261
0 0.620096 0.417254 0.013846 0.027693
0 0.667842 0.437546 0.017666 0.018621
0 0.712724 0.438501 0.013846 0.024351
0 0.671805 0.100267 0.025401 0.028075
0 0.644399 0.014037 0.022727 0.028074