0 0.287828 0.454476 0.015040 0.021168
0 0.322364 0.454476 0.015040 0.023396
0 0.339633 0.384846 0.016154 0.024510
0 0.324871 0.321343 0.022282 0.024510
0 0.315680 0.343625 0.019496 0.024510
0 0.410098 0.308253 0.013369 0.019496
0 0.354394 0.419382 0.013369 0.024510
0 0.373334 0.426902 0.015597 0.021725
0 0.483349 0.414647 0.018382 0.029523
0 0.463017 0.312152 0.017825 0.019496
0 0.477500 0.297390 0.016711 0.018939
0 0.512872 0.350031 0.011698 0.021725
0 0.535989 0.346410 0.017825 0.028966
0 0.539053 0.315494 0.023953 0.021725
0 0.555699 0.284876 0.027953 0.043753
0 0.308981 0.118371 0.047399 0.046184
0 0.320526 0.024788 0.034030 0.009723
0 0.299911 0.006684 0.042781 0.013368