0 0.281877 0.489207 0.021390 0.022059
0 0.325326 0.480517 0.026738 0.027406
0 0.293240 0.346493 0.018717 0.024064
0 0.291903 0.374234 0.018717 0.024733
0 0.321649 0.413338 0.020722 0.020053
0 0.379470 0.327108 0.022727 0.022727
0 0.340366 0.445758 0.018048 0.026070
0 0.364430 0.449100 0.023396 0.027406
0 0.468708 0.419689 0.023396 0.032754
0 0.434952 0.317416 0.018717 0.016711
0 0.446649 0.299702 0.014037 0.020053
0 0.522518 0.275638 0.020053 0.026738
0 0.510486 0.310397 0.022727 0.021390
0 0.512492 0.343151 0.018717 0.033422
0 0.488762 0.341814 0.020722 0.025401
0 0.245112 0.153075 0.024064 0.034759
0 0.240767 0.060829 0.014037 0.022727
0 0.219377 0.041110 0.019385 0.022059