0 0.497250 0.274434 0.014397 0.032908
0 0.512162 0.319940 0.013369 0.022110
0 0.508819 0.349763 0.012855 0.034451
0 0.531701 0.365446 0.017483 0.021596
0 0.575921 0.353619 0.011312 0.030852
0 0.546355 0.448745 0.022110 0.033937
0 0.640195 0.412494 0.015426 0.024167
0 0.585948 0.372387 0.022110 0.017997
0 0.728573 0.491801 0.022088 0.029063
0 0.724795 0.517376 0.026157 0.022088
0 0.697767 0.535395 0.020925 0.023250
0 0.675679 0.556902 0.019763 0.033713
0 0.652138 0.543533 0.019182 0.025575
0 0.694279 0.603403 0.019763 0.019763
0 0.737002 0.639150 0.023832 0.021507
0 0.790187 0.325560 0.020925 0.030226
0 0.789606 0.230234 0.018600 0.020925
0 0.814600 0.231977 0.018600 0.020925
0 0.859647 0.247671 0.022669 0.026738
0 0.768390 0.120902 0.024994 0.022088
0 0.899464 0.084283 0.016275 0.018600
0 0.913123 0.107243 0.023832 0.020344