0 0.564515 0.281373 0.017330 0.026738
0 0.562286 0.328907 0.016835 0.022777
0 0.556097 0.358121 0.023272 0.027728
0 0.568723 0.378917 0.020796 0.023767
0 0.614029 0.377184 0.020301 0.026243
0 0.616753 0.403922 0.017825 0.018320
0 0.560801 0.465815 0.014854 0.030204
0 0.660078 0.455417 0.018320 0.018320
0 0.828181 0.416300 0.025748 0.032185
0 0.854424 0.328164 0.014854 0.015350
0 0.881904 0.330145 0.020301 0.020301
0 0.916812 0.356635 0.022777 0.018816
0 0.862593 0.212547 0.023272 0.027728
0 0.635904 0.588556 0.014706 0.018048
0 0.651947 0.604264 0.016043 0.024064
0 0.684367 0.589224 0.022059 0.024733
0 0.717789 0.586550 0.015374 0.020722
0 0.720129 0.559812 0.022727 0.022059
0 0.659634 0.656737 0.022059 0.019385
0 0.687709 0.705200 0.016711 0.028075