0 0.266355 0.636071 0.020053 0.024828
0 0.273995 0.518615 0.016234 0.021008
0 0.270652 0.490445 0.021008 0.025783
0 0.302165 0.533894 0.017189 0.024828
0 0.307417 0.601216 0.021963 0.020053
0 0.323173 0.554902 0.015279 0.026738
0 0.344182 0.543921 0.024828 0.025783
0 0.452566 0.448905 0.018144 0.028648
0 0.362803 0.410231 0.018144 0.021963
0 0.082273 0.106425 0.024828 0.023873
0 0.103281 0.080164 0.021008 0.019099
0 0.236971 0.120749 0.022918 0.029603
0 0.183018 0.227223 0.018144 0.026738
0 0.208801 0.234385 0.021963 0.027693
0 0.144343 0.246322 0.026738 0.019099
0 0.211094 0.324053 0.013369 0.026157
0 0.417442 0.372007 0.015694 0.022088
0 0.426742 0.344106 0.020344 0.015113
0 0.470336 0.366775 0.024994 0.026738
0 0.489809 0.348175 0.015113 0.027900
0 0.492134 0.315624 0.018600 0.019763
0 0.500562 0.275517 0.018019 0.025575