0 0.210521 0.308608 0.027473 0.029304
0 0.231583 0.217643 0.020757 0.020757
0 0.284697 0.221917 0.019536 0.019536
0 0.273403 0.268315 0.028694 0.021978
0 0.486766 0.829630 0.023932 0.028034
0 0.558561 0.846040 0.022564 0.026667
0 0.539416 0.868604 0.023932 0.029402
0 0.569501 0.873732 0.021197 0.023248
0 0.597877 0.880570 0.024615 0.021880
0 0.523689 0.949972 0.015726 0.032137
0 0.503860 0.947578 0.019829 0.023248
0 0.392749 0.924672 0.019145 0.028034
0 0.345570 0.949288 0.017778 0.029402
0 0.379416 0.953732 0.021197 0.025983
0 0.374288 0.993960 0.025983 0.012080
0 0.308305 0.983818 0.026667 0.024615