0 0.747795 0.250305 0.017908 0.024420
0 0.810880 0.263329 0.031746 0.022792
0 0.762040 0.299552 0.018722 0.023606
0 0.817800 0.349613 0.022792 0.026048
0 0.350156 0.858907 0.017094 0.024420
0 0.383937 0.856465 0.017908 0.027676
0 0.400217 0.834487 0.008140 0.024420
0 0.414869 0.860128 0.026048 0.023606
0 0.465337 0.832045 0.019536 0.029304
0 0.414055 0.937458 0.017908 0.026862
0 0.436847 0.941121 0.014652 0.026048
0 0.546737 0.935423 0.019536 0.027676
0 0.558947 0.965541 0.014652 0.017908
0 0.593949 0.962692 0.022792 0.025234