0 0.224162 0.231795 0.021220 0.025936
0 0.253635 0.150745 0.025936 0.014736
0 0.315527 0.175502 0.023578 0.020631
0 0.284876 0.210574 0.020041 0.021220
0 0.268251 0.923912 0.024573 0.034188
0 0.308316 0.903078 0.014957 0.024573
0 0.357995 0.896668 0.028846 0.026709
0 0.463764 0.841112 0.022436 0.024573
0 0.507033 0.894531 0.023504 0.026709
0 0.525196 0.876369 0.019231 0.028846
0 0.539085 0.914296 0.021368 0.032051
0 0.570602 0.923912 0.028846 0.025641
0 0.336123 0.921696 0.018130 0.022274
0 0.336123 0.963136 0.021238 0.027454
0 0.414082 0.988690 0.024864 0.022619
0 0.466918 0.958474 0.011396 0.022274
0 0.480386 0.963395 0.018648 0.024864