0 0.269943 0.192744 0.019658 0.027350
0 0.311396 0.118812 0.025641 0.024786
0 0.360541 0.143171 0.019658 0.023932
0 0.333618 0.181633 0.017094 0.027350
0 0.207123 0.879630 0.020513 0.035897
0 0.250285 0.868091 0.021368 0.026496
0 0.294729 0.871510 0.024786 0.026496
0 0.406695 0.830057 0.024786 0.025641
0 0.442165 0.890741 0.025641 0.023932
0 0.469088 0.875356 0.009402 0.030769
0 0.472080 0.905271 0.023932 0.015385
0 0.493447 0.929630 0.029060 0.021368
0 0.408832 0.955271 0.006838 0.033333
0 0.394729 0.949715 0.012821 0.025641
0 0.345157 0.977066 0.026496 0.029060
0 0.263533 0.933903 0.020513 0.026496
0 0.277635 0.893305 0.019658 0.027350