0 0.494183 0.929318 0.019536 0.020350
0 0.520638 0.907340 0.023606 0.026862
0 0.526336 0.876815 0.020350 0.026048
0 0.553198 0.887397 0.021978 0.027676
0 0.587793 0.832859 0.026048 0.030932
0 0.582095 0.958215 0.019536 0.027676
0 0.601631 0.949261 0.026048 0.022792
0 0.652099 0.972053 0.024420 0.022792
0 0.693206 0.872745 0.020350 0.026048
0 0.748559 0.871117 0.025234 0.026048
0 0.722104 0.895130 0.019536 0.025234
0 0.736349 0.938679 0.026862 0.027676
0 0.792108 0.889839 0.021164 0.021164
0 0.644773 0.150590 0.022792 0.020350
0 0.670821 0.180301 0.019536 0.026048
0 0.698904 0.123321 0.026862 0.022792
0 0.733500 0.199430 0.024420 0.025234