0 0.528201 0.933491 0.019452 0.024167
0 0.551485 0.909618 0.021220 0.022399
0 0.553253 0.876314 0.020041 0.035956
0 0.580368 0.885745 0.020041 0.019452
0 0.611608 0.830926 0.025936 0.038314
0 0.627818 0.940859 0.020631 0.022399
0 0.614261 0.951763 0.015915 0.022989
0 0.684405 0.963847 0.019452 0.016505
0 0.762802 0.922586 0.021810 0.028294
0 0.718593 0.855683 0.019452 0.026525
0 0.747476 0.874251 0.020631 0.024757
0 0.769581 0.852147 0.017683 0.019452
0 0.813789 0.866588 0.017683 0.029472
0 0.620450 0.141173 0.014147 0.018862
0 0.675858 0.110227 0.021220 0.021810
0 0.651986 0.166225 0.019452 0.019452
0 0.713878 0.178014 0.026525 0.020631