0 0.680413 0.169231 0.023077 0.028205
0 0.742379 0.142735 0.022222 0.017949
0 0.711610 0.202991 0.023932 0.023932
0 0.767593 0.223504 0.019658 0.027350
0 0.547507 0.839031 0.015385 0.023077
0 0.482977 0.878348 0.017949 0.031624
0 0.509900 0.891595 0.022222 0.023932
0 0.474430 0.909117 0.021368 0.019658
0 0.451353 0.931339 0.026496 0.026496
0 0.526567 0.964672 0.016239 0.031624
0 0.550499 0.954843 0.023077 0.030769
0 0.598789 0.988177 0.018803 0.022222
0 0.682123 0.960399 0.029915 0.024786
0 0.655199 0.892878 0.011966 0.029915
0 0.676140 0.913818 0.021368 0.029060
0 0.701353 0.897151 0.022222 0.028205
0 0.744516 0.918091 0.021368 0.029060