0 0.761903 0.160750 0.024984 0.024984
0 0.701745 0.180473 0.024326 0.026298
0 0.731331 0.214004 0.026956 0.015779
0 0.786558 0.240631 0.023011 0.023011
0 0.416064 0.928337 0.019066 0.025641
0 0.522573 0.841552 0.025641 0.021696
0 0.460443 0.879684 0.013149 0.026956
0 0.482468 0.892505 0.019066 0.023669
0 0.448937 0.906312 0.012492 0.026298
0 0.497918 0.963511 0.009204 0.034188
0 0.516656 0.958251 0.019066 0.030243
0 0.628096 0.901709 0.021039 0.023669
0 0.676748 0.905325 0.017094 0.023011
0 0.647491 0.926693 0.013807 0.023669
0 0.719483 0.931953 0.027613 0.028928
0 0.653079 0.972058 0.015779 0.027613