0 0.705840 0.182692 0.021368 0.019765
0 0.761930 0.162660 0.020299 0.020299
0 0.736556 0.221154 0.019765 0.021902
0 0.783565 0.241720 0.022970 0.021368
0 0.424426 0.929323 0.016437 0.031558
0 0.450725 0.909270 0.017751 0.032216
0 0.461244 0.881657 0.017751 0.023011
0 0.485570 0.897765 0.020381 0.031558
0 0.527976 0.846154 0.021039 0.030901
0 0.505623 0.967127 0.013149 0.041420
0 0.522388 0.965483 0.024326 0.024984
0 0.631855 0.904011 0.015779 0.026956
0 0.649936 0.928665 0.015122 0.030243
0 0.677878 0.910914 0.023669 0.034188
0 0.654867 0.976660 0.019724 0.034188