0 0.234900 0.225223 0.029915 0.027350
0 0.262678 0.138043 0.020513 0.011966
0 0.326353 0.169240 0.024786 0.023077
0 0.290883 0.205992 0.023932 0.019658
0 0.449288 0.844160 0.023932 0.028205
0 0.343305 0.895014 0.025641 0.022222
0 0.298006 0.900142 0.022222 0.020513
0 0.328775 0.921510 0.023932 0.025641
0 0.313818 0.963818 0.023077 0.026496
0 0.402707 0.987749 0.012821 0.023077
0 0.447151 0.962108 0.019658 0.028205
0 0.468946 0.966809 0.018803 0.027350
0 0.486040 0.898006 0.020513 0.017949
0 0.510826 0.886895 0.010256 0.035043
0 0.520655 0.915527 0.021368 0.035897
0 0.544587 0.935185 0.023077 0.027350