0 0.288640 0.174264 0.027540 0.028490
0 0.338497 0.107787 0.030389 0.022792
0 0.387880 0.140551 0.017094 0.019943
0 0.351792 0.166667 0.024691 0.022792
0 0.176644 0.858729 0.012378 0.023578
0 0.218790 0.848119 0.020041 0.020041
0 0.268009 0.853129 0.015915 0.022989
0 0.243252 0.874939 0.019452 0.020631
0 0.225569 0.915611 0.011200 0.028883
0 0.382951 0.826506 0.020631 0.028294
0 0.411245 0.888398 0.013557 0.023578
0 0.434233 0.878377 0.020631 0.027115
0 0.439833 0.909618 0.023578 0.017683
0 0.458990 0.932901 0.031241 0.021810
0 0.378531 0.953827 0.018862 0.025936
0 0.362615 0.940859 0.017683 0.027115
0 0.306913 0.962079 0.019452 0.021220