0 0.724501 0.417949 0.080342 0.078632
0 0.605698 0.359473 0.064957 0.074501
0 0.610826 0.306838 0.061538 0.051282
0 0.593560 0.092593 0.017094 0.017094
0 0.619201 0.101709 0.015954 0.011396
0 0.634016 0.093732 0.021652 0.014815
0 0.667919 0.105413 0.022222 0.016524
0 0.674187 0.089744 0.011966 0.012536
0 0.697549 0.090883 0.016524 0.013675
0 0.758517 0.088889 0.025641 0.019943
0 0.811224 0.101425 0.029630 0.021083
0 0.841993 0.101994 0.013675 0.019943
0 0.857663 0.098291 0.014245 0.020513
0 0.880170 0.087749 0.019373 0.011966
0 0.878460 0.108832 0.026211 0.013105
0 0.945869 0.109687 0.025071 0.019373
0 0.913675 0.048433 0.015385 0.014245
0 0.915385 0.029060 0.008547 0.013105
0 0.921652 0.010541 0.019943 0.012536
0 0.898291 0.012821 0.022222 0.010256
0 0.856980 0.019088 0.019373 0.011396
0 0.879202 0.009972 0.014815 0.011396
0 0.865812 0.045299 0.021083 0.007977
0 0.847578 0.056410 0.014245 0.014245
0 0.877208 0.060969 0.015385 0.014245
0 0.892877 0.032194 0.015954 0.012536
0 0.804843 0.047578 0.023362 0.010256
0 0.635150 0.034900 0.024217 0.025641