0 0.251282 0.497244 0.075214 0.076540
0 0.347009 0.350943 0.044444 0.043767
0 0.363248 0.399057 0.052991 0.072502
0 0.227350 0.167521 0.020513 0.015385
0 0.144444 0.170085 0.025641 0.020513
0 0.029669 0.223401 0.022399 0.015915
0 0.020827 0.201002 0.017683 0.018273
0 0.025543 0.171530 0.017683 0.014736
0 0.037332 0.161804 0.024757 0.012968
0 0.095098 0.150604 0.023578 0.016505
0 0.051773 0.208075 0.030062 0.021810
0 0.095982 0.198350 0.018273 0.024757
0 0.204146 0.155320 0.017683 0.016505
0 0.262206 0.144710 0.020631 0.017683
0 0.287553 0.147067 0.008842 0.021220
0 0.301110 0.130858 0.014736 0.018273
0 0.031732 0.127026 0.024167 0.012968
0 0.009038 0.126437 0.008252 0.015326
0 0.066509 0.204833 0.011200 0.021220