0 0.251994 0.499924 0.081197 0.084446
0 0.343875 0.345735 0.034188 0.054701
0 0.356695 0.398215 0.042735 0.072480
0 0.096439 0.201291 0.029915 0.017094
0 0.059259 0.205992 0.029060 0.016239
0 0.019516 0.203428 0.028205 0.019658
0 0.031481 0.219667 0.023077 0.012821
0 0.232764 0.167619 0.022222 0.017094
0 0.139601 0.168474 0.025641 0.023932
0 0.092165 0.148389 0.012821 0.016239
0 0.032336 0.160782 0.026496 0.008547
0 0.022507 0.175739 0.013675 0.014530
0 0.030627 0.128730 0.017949 0.011111
0 0.210114 0.156508 0.028205 0.017094
0 0.257550 0.145397 0.013675 0.015385
0 0.281054 0.143688 0.023077 0.018803
0 0.297293 0.133859 0.016239 0.023077