0 0.256980 0.614116 0.088889 0.074386
0 0.375783 0.558454 0.063248 0.072463
0 0.389459 0.503419 0.042735 0.047863
0 0.084381 0.290850 0.019608 0.017597
0 0.144964 0.294118 0.013072 0.015083
0 0.149489 0.275515 0.020111 0.014077
0 0.129378 0.238813 0.016088 0.010055
0 0.126864 0.225239 0.014077 0.010055
0 0.122842 0.205631 0.017094 0.011061
0 0.148986 0.208145 0.019105 0.012066
0 0.186442 0.216440 0.014580 0.014580
0 0.144964 0.227753 0.012066 0.011061
0 0.172365 0.244344 0.026647 0.010055
0 0.157784 0.252640 0.016591 0.012569
0 0.223144 0.246104 0.015586 0.011564
0 0.165075 0.286325 0.014077 0.016591
0 0.189710 0.291352 0.015083 0.013575
0 0.213591 0.293866 0.017597 0.013575
0 0.263868 0.285571 0.024635 0.014077
0 0.330484 0.290096 0.027149 0.009050
0 0.347830 0.305933 0.018602 0.012569
0 0.375482 0.301911 0.017597 0.012569
0 0.396598 0.303419 0.013575 0.014580
0 0.416206 0.298391 0.012569 0.013575