0 0.259544 0.618803 0.063248 0.070085
0 0.384330 0.566667 0.056410 0.058120
0 0.397151 0.513675 0.037607 0.051282
0 0.080362 0.306219 0.025936 0.023578
0 0.145790 0.281462 0.020041 0.011789
0 0.141664 0.303566 0.018862 0.013557
0 0.121918 0.247569 0.012378 0.012378
0 0.122802 0.232832 0.014147 0.008842
0 0.115728 0.214559 0.016505 0.008842
0 0.141959 0.216622 0.014736 0.009431
0 0.173716 0.224012 0.016656 0.008903
0 0.159937 0.249337 0.014147 0.011200
0 0.174084 0.254347 0.015326 0.009431
0 0.152864 0.261715 0.014147 0.007663
0 0.136654 0.238137 0.014736 0.007663
0 0.217408 0.254052 0.013557 0.012378
0 0.163474 0.293840 0.020041 0.012968
0 0.182631 0.299735 0.021810 0.014147
0 0.208272 0.299145 0.016505 0.014147
0 0.259849 0.289125 0.022989 0.012968
0 0.315257 0.296198 0.010021 0.012968
0 0.333235 0.292956 0.017683 0.011200
0 0.342372 0.312113 0.018273 0.014147
0 0.370370 0.303566 0.020041 0.015915
0 0.394832 0.306513 0.010021 0.012378
0 0.416642 0.300324 0.013557 0.014147
0 0.157937 0.216492 0.008766 0.007890