0 0.264672 0.635043 0.090598 0.068376
0 0.384330 0.570085 0.052991 0.061538
0 0.402279 0.513675 0.044444 0.037607
0 0.069054 0.335945 0.025234 0.018722
0 0.130104 0.329840 0.015466 0.011396
0 0.129697 0.310304 0.017908 0.011396
0 0.150047 0.318851 0.013024 0.010582
0 0.163885 0.325363 0.017908 0.013838
0 0.193190 0.326177 0.024420 0.012210
0 0.244065 0.310304 0.018722 0.014652
0 0.311627 0.312339 0.026862 0.013838
0 0.329942 0.326177 0.027676 0.010582
0 0.355990 0.312339 0.013024 0.015466
0 0.384887 0.318037 0.021978 0.012210
0 0.092860 0.247351 0.016560 0.019231
0 0.115028 0.241742 0.013889 0.010150
0 0.098469 0.267918 0.012821 0.010150
0 0.105413 0.278067 0.011752 0.010150
0 0.116631 0.263377 0.014957 0.008547
0 0.144409 0.278334 0.018162 0.009615
0 0.198362 0.279670 0.009615 0.016560
0 0.135328 0.289285 0.016026 0.010150
0 0.154024 0.248420 0.017094 0.012821
0 0.141204 0.246283 0.013889 0.010684