0 0.328188 0.630276 0.089069 0.062978
0 0.442448 0.581032 0.053081 0.065255
0 0.450995 0.519615 0.026991 0.034188
0 0.148167 0.329729 0.021220 0.017683
0 0.202691 0.310277 0.015915 0.011789
0 0.205343 0.328550 0.014147 0.015326
0 0.222732 0.320298 0.011200 0.017683
0 0.238942 0.325308 0.016505 0.013557
0 0.263699 0.327666 0.018862 0.017094
0 0.309086 0.310572 0.025936 0.010021
0 0.270182 0.279036 0.011789 0.010610
0 0.227742 0.284342 0.011789 0.009431
0 0.213006 0.278447 0.012968 0.007073
0 0.212416 0.292594 0.011789 0.009431
0 0.182355 0.280215 0.010610 0.012968
0 0.179702 0.264890 0.010021 0.009431
0 0.195617 0.266953 0.010021 0.010021
0 0.173513 0.248680 0.016505 0.010021
0 0.192375 0.248090 0.011789 0.011200
0 0.213595 0.246027 0.012968 0.010610
0 0.233637 0.254280 0.016505 0.009431
0 0.363905 0.311456 0.014147 0.014147
0 0.384536 0.309098 0.010610 0.011789
0 0.389251 0.326782 0.020041 0.011789
0 0.419902 0.318235 0.018862 0.015915
0 0.436702 0.321772 0.014736 0.017094
0 0.455564 0.313814 0.011200 0.021220
0 0.421671 0.258111 0.009431 0.011200