0 0.337925 0.632760 0.088169 0.067476
0 0.448137 0.572031 0.040486 0.055780
0 0.454435 0.524348 0.026091 0.048583
0 0.148359 0.339612 0.020260 0.015828
0 0.202174 0.340245 0.013928 0.020893
0 0.198692 0.317136 0.018360 0.013928
0 0.217052 0.326316 0.018360 0.014562
0 0.262636 0.330115 0.020893 0.017094
0 0.233829 0.330115 0.008864 0.015828
0 0.304105 0.314920 0.020260 0.017094
0 0.368999 0.317769 0.027224 0.012662
0 0.389575 0.328849 0.018993 0.013295
0 0.415849 0.318402 0.015828 0.018993
0 0.439274 0.319036 0.014562 0.016461
0 0.455735 0.313021 0.012029 0.017094
0 0.266118 0.282315 0.012662 0.012662
0 0.219268 0.286747 0.024058 0.013928
0 0.205972 0.295927 0.018993 0.010763
0 0.179382 0.284848 0.016461 0.010130
0 0.170518 0.272185 0.013928 0.011396
0 0.168619 0.255724 0.016461 0.011396
0 0.193627 0.253508 0.017094 0.012029
0 0.223383 0.258573 0.019626 0.008230
0 0.191094 0.271869 0.013295 0.009497