0 0.344729 0.650009 0.088889 0.068376
0 0.453704 0.577787 0.041880 0.057265
0 0.454986 0.525223 0.035897 0.037607
0 0.131814 0.370388 0.015954 0.017664
0 0.185375 0.364405 0.013675 0.014815
0 0.185090 0.344177 0.018803 0.015385
0 0.203609 0.352724 0.012536 0.015385
0 0.224122 0.356713 0.009117 0.011966
0 0.246344 0.354434 0.017094 0.015385
0 0.289364 0.332781 0.013105 0.009687
0 0.248908 0.306286 0.014245 0.013675
0 0.204748 0.313693 0.010256 0.010256
0 0.191358 0.312269 0.017664 0.009687
0 0.189934 0.323095 0.018234 0.013105
0 0.159734 0.317112 0.012536 0.007977
0 0.150617 0.305146 0.012536 0.011396
0 0.171700 0.303722 0.009117 0.011966
0 0.150047 0.286912 0.013675 0.014815
0 0.165717 0.283209 0.013105 0.013105
0 0.201899 0.284633 0.017094 0.009117
0 0.344349 0.329932 0.017094 0.013105
0 0.369136 0.341613 0.015385 0.015954
0 0.356600 0.324519 0.009687 0.010256
0 0.397341 0.328223 0.022792 0.013105
0 0.415575 0.326514 0.015954 0.014245
0 0.436372 0.317397 0.013105 0.013105