0 0.468376 0.511966 0.037607 0.047863
0 0.482051 0.573504 0.051282 0.061538
0 0.570085 0.644444 0.090598 0.080342
0 0.516588 0.318899 0.018697 0.016560
0 0.535818 0.326645 0.016560 0.016026
0 0.556118 0.331987 0.017628 0.016026
0 0.584430 0.347211 0.013355 0.014423
0 0.593778 0.329850 0.008547 0.013889
0 0.607133 0.335726 0.007479 0.012821
0 0.663222 0.343472 0.025641 0.017628
0 0.697677 0.362703 0.009081 0.014423
0 0.718778 0.367777 0.014957 0.012821
0 0.736406 0.364572 0.013889 0.014957
0 0.696876 0.316495 0.011752 0.010684
0 0.743885 0.329850 0.024573 0.011752
0 0.751898 0.340000 0.012821 0.012821
0 0.781011 0.333589 0.013355 0.012821
0 0.742549 0.301271 0.011218 0.010150
0 0.774868 0.302072 0.013889 0.008547
0 0.758041 0.300203 0.009081 0.009081
0 0.794365 0.308750 0.016560 0.008013
0 0.766588 0.320235 0.010150 0.007479
0 0.786086 0.323173 0.010684 0.008013
0 0.752165 0.361634 0.022970 0.016560
0 0.753233 0.379529 0.016560 0.010684
0 0.799707 0.386474 0.016560 0.014957