0 0.418876 0.638840 0.083916 0.051282
0 0.517555 0.572795 0.038850 0.054390
0 0.530764 0.520736 0.055944 0.038850
0 0.498519 0.319185 0.020979 0.017094
0 0.481425 0.329286 0.014763 0.017094
0 0.460057 0.323847 0.015540 0.020202
0 0.434416 0.340164 0.012432 0.018648
0 0.423150 0.320351 0.022533 0.013209
0 0.408775 0.325401 0.018648 0.012432
0 0.356328 0.329675 0.025641 0.014763
0 0.315535 0.304422 0.020202 0.018648
0 0.210004 0.362910 0.011834 0.016656
0 0.261725 0.356335 0.016217 0.013149
0 0.261067 0.342090 0.014902 0.016217
0 0.280572 0.348227 0.012711 0.014464
0 0.296789 0.351733 0.010081 0.013588
0 0.315856 0.348008 0.010519 0.018409
0 0.264793 0.318203 0.013588 0.010519
0 0.275531 0.308341 0.024545 0.010958
0 0.235426 0.309875 0.010958 0.008766
0 0.232796 0.298698 0.010958 0.007451
0 0.246384 0.297383 0.012711 0.008328
0 0.226441 0.285329 0.011396 0.011396
0 0.243535 0.279851 0.009643 0.011834
0 0.279038 0.280508 0.015779 0.009643
0 0.261506 0.277659 0.011396 0.010081