0 0.402686 0.631294 0.071913 0.063660
0 0.503481 0.578243 0.042440 0.063660
0 0.524407 0.524309 0.043030 0.050103
0 0.447204 0.334212 0.018234 0.018234
0 0.421278 0.321676 0.014245 0.013675
0 0.436663 0.317403 0.011966 0.010826
0 0.474840 0.323670 0.021083 0.016524
0 0.498486 0.323670 0.014815 0.015385
0 0.512162 0.314554 0.013675 0.015385
0 0.367983 0.318992 0.018847 0.015341
0 0.223122 0.340031 0.019286 0.017094
0 0.272650 0.337182 0.018409 0.011396
0 0.272431 0.321841 0.011834 0.013149
0 0.291279 0.332799 0.008328 0.016656
0 0.307934 0.337182 0.011834 0.013149
0 0.327439 0.334991 0.011396 0.017532
0 0.280321 0.302775 0.009204 0.014464
0 0.287772 0.292036 0.017094 0.008766
0 0.331822 0.288968 0.012273 0.007890
0 0.251173 0.291817 0.015779 0.009204
0 0.246571 0.278449 0.010958 0.007890
0 0.240862 0.261330 0.017117 0.011446
0 0.259040 0.261086 0.009643 0.009204
0 0.261012 0.280809 0.014464 0.008328
0 0.277011 0.259332 0.012273 0.013588
0 0.293666 0.263277 0.009643 0.010958
0 0.478405 0.268786 0.015195 0.015195