0 0.369516 0.624795 0.087179 0.064103
0 0.479345 0.571804 0.062393 0.050427
0 0.518234 0.514539 0.039316 0.036752
0 0.279639 0.265273 0.013785 0.011028
0 0.302798 0.263619 0.013785 0.011028
0 0.253722 0.344402 0.023711 0.015991
0 0.286532 0.292844 0.016543 0.005514
0 0.283774 0.281540 0.013234 0.008271
0 0.300317 0.279334 0.011028 0.008271
0 0.332024 0.267479 0.019300 0.007720
0 0.316860 0.293396 0.017645 0.007720
0 0.308313 0.304424 0.009374 0.011028
0 0.302798 0.324551 0.015991 0.010477
0 0.299766 0.341645 0.009926 0.013785
0 0.314930 0.334752 0.007168 0.016543
0 0.330645 0.336406 0.012131 0.013234
0 0.348842 0.336406 0.015440 0.013234
0 0.362903 0.290363 0.006066 0.008271
0 0.394610 0.323448 0.017645 0.012683
0 0.443962 0.322621 0.010477 0.011028
0 0.459953 0.321242 0.012683 0.011580
0 0.467122 0.336958 0.015991 0.008823
0 0.496347 0.327584 0.017094 0.012131
0 0.517852 0.327308 0.014888 0.011580
0 0.535773 0.318209 0.011028 0.007720
0 0.507927 0.269685 0.008271 0.006617