0 0.362171 0.621057 0.069190 0.067562
0 0.483864 0.570996 0.045584 0.043956
0 0.519680 0.515644 0.042328 0.040700
0 0.258175 0.332637 0.017094 0.016576
0 0.307126 0.332637 0.011396 0.012432
0 0.307126 0.315025 0.011396 0.008288
0 0.324479 0.322795 0.015022 0.011396
0 0.335875 0.329011 0.011914 0.009324
0 0.358667 0.327975 0.016058 0.011396
0 0.402697 0.314507 0.015022 0.011396
0 0.464080 0.320723 0.022792 0.010360
0 0.472886 0.334709 0.013468 0.016576
0 0.499822 0.324349 0.014504 0.016576
0 0.521837 0.329011 0.016058 0.010360
0 0.547996 0.324349 0.015540 0.009324
0 0.522355 0.270995 0.013986 0.009324
0 0.373070 0.288351 0.014322 0.012474
0 0.338420 0.291354 0.016170 0.011088
0 0.324329 0.286734 0.012936 0.009240
0 0.293837 0.285348 0.012936 0.010164
0 0.308159 0.272181 0.010164 0.006930
0 0.291065 0.270102 0.008316 0.005544
0 0.292682 0.256011 0.011550 0.008778
0 0.311624 0.256242 0.008778 0.009240
0 0.327563 0.254625 0.011088 0.006930
0 0.337727 0.260862 0.018480 0.009240
0 0.318092 0.295512 0.011550 0.013860