0 0.482906 0.518803 0.039316 0.044444
0 0.521368 0.573504 0.047863 0.061538
0 0.631624 0.614530 0.080342 0.054701
0 0.459783 0.324262 0.013770 0.014245
0 0.481625 0.329248 0.017569 0.011871
0 0.499431 0.329010 0.018993 0.013295
0 0.526972 0.337557 0.021842 0.012346
0 0.540267 0.322363 0.021842 0.012346
0 0.599146 0.320463 0.017094 0.014245
0 0.642356 0.331385 0.012346 0.020893
0 0.663249 0.330435 0.010446 0.011396
0 0.678681 0.325449 0.010921 0.013770
0 0.693401 0.333046 0.014720 0.014720
0 0.692214 0.316427 0.017094 0.008072
0 0.744445 0.333759 0.020893 0.016144
0 0.707171 0.283901 0.012821 0.010446
0 0.710495 0.271081 0.009022 0.010446
0 0.695538 0.277253 0.009497 0.009497
0 0.679156 0.287700 0.016619 0.007597
0 0.669422 0.290549 0.005698 0.010446
0 0.685566 0.295535 0.010446 0.008072
0 0.629536 0.286988 0.009497 0.009022
0 0.658501 0.261821 0.014245 0.009022
0 0.678206 0.257785 0.009972 0.008547
0 0.696250 0.256361 0.009022 0.009497
0 0.711207 0.259447 0.007597 0.011871
0 0.489222 0.271081 0.013770 0.012346