0 0.368761 0.461898 0.049465 0.054813
0 0.469697 0.459893 0.061497 0.042781
0 0.529189 0.437834 0.057487 0.036096
0 0.714740 0.309957 0.014359 0.011884
0 0.759304 0.304015 0.018320 0.011884
0 0.783566 0.305501 0.008418 0.018816
0 0.792974 0.303768 0.012379 0.012379
0 0.815750 0.298321 0.017330 0.017330
0 0.665226 0.295598 0.016340 0.013864
0 0.609522 0.307234 0.008913 0.014359
0 0.562235 0.309214 0.010398 0.010398
0 0.527822 0.307729 0.010893 0.012379
0 0.628832 0.273811 0.017825 0.012874
0 0.608531 0.280001 0.010893 0.008418
0 0.582041 0.293370 0.021291 0.009408
0 0.632793 0.245340 0.010893 0.008418
0 0.652104 0.243360 0.010893 0.010398
0 0.610512 0.260938 0.010893 0.010893
0 0.671415 0.249302 0.010893 0.015350
0 0.674881 0.270345 0.016835 0.009903
0 0.881853 0.246826 0.018816 0.015350
0 0.588725 0.305253 0.022777 0.010398
0 0.708056 0.298074 0.014854 0.013864
0 0.728109 0.297083 0.017330 0.014854