0 0.365866 0.459283 0.036720 0.039253
0 0.459883 0.457384 0.051282 0.045584
0 0.524777 0.444088 0.034188 0.037987
0 0.881219 0.250712 0.015195 0.014562
0 0.818541 0.306426 0.017727 0.013295
0 0.789734 0.312757 0.019626 0.015828
0 0.762827 0.308325 0.022792 0.015828
0 0.733387 0.302627 0.015828 0.012029
0 0.715977 0.302627 0.017727 0.006964
0 0.721991 0.315290 0.018360 0.013295
0 0.668493 0.298512 0.015195 0.011396
0 0.608981 0.307692 0.012662 0.013295
0 0.601067 0.308009 0.014562 0.008864
0 0.587772 0.299778 0.012029 0.013928
0 0.537756 0.308009 0.010763 0.005065
0 0.564347 0.308642 0.014562 0.012662
0 0.614679 0.282368 0.012662 0.006964
0 0.631773 0.275087 0.013928 0.011396
0 0.677990 0.274454 0.012662 0.011396
0 0.680414 0.253292 0.014902 0.013588
0 0.659814 0.246498 0.014902 0.009643
0 0.635268 0.248470 0.011396 0.006575
0 0.617736 0.261181 0.007890 0.009204
0 0.632419 0.262496 0.011834 0.006575
0 0.606559 0.271482 0.010081 0.010519