0 0.365315 0.467326 0.041514 0.036020
0 0.459942 0.462442 0.054945 0.038462
0 0.523434 0.441074 0.034188 0.034799
0 0.810893 0.290407 0.024984 0.013588
0 0.783499 0.296324 0.020162 0.012273
0 0.774075 0.301583 0.017094 0.007013
0 0.754570 0.296105 0.020162 0.012711
0 0.870284 0.231016 0.016656 0.012273
0 0.706795 0.306186 0.016656 0.012711
0 0.703727 0.291502 0.010519 0.009643
0 0.722135 0.289530 0.013149 0.011834
0 0.655513 0.294790 0.020162 0.012711
0 0.668443 0.262355 0.011834 0.011834
0 0.667785 0.240659 0.013149 0.009643
0 0.650253 0.239563 0.014902 0.010958
0 0.627899 0.242850 0.014026 0.011396
0 0.620886 0.270683 0.024545 0.012711
0 0.605546 0.276600 0.011396 0.011396
0 0.597437 0.269149 0.012711 0.009643
0 0.606422 0.256438 0.009643 0.006136
0 0.621325 0.256657 0.011396 0.006575
0 0.598313 0.302898 0.013588 0.012273
0 0.574645 0.291283 0.010958 0.008328
0 0.582315 0.303775 0.011396 0.010519
0 0.557551 0.305966 0.012711 0.009643
0 0.525554 0.306405 0.010958 0.007890