0 0.243093 0.189840 0.060160 0.045455
0 0.751114 0.092246 0.025401 0.069519
0 0.780526 0.106952 0.044118 0.066845
0 0.781863 0.151738 0.036096 0.073529
0 0.817959 0.153075 0.036096 0.094920
0 0.811943 0.258690 0.029412 0.089572
0 0.791889 0.479947 0.032086 0.061497
0 0.740419 0.381016 0.044118 0.058824
0 0.719697 0.320187 0.032086 0.060160
0 0.673574 0.328877 0.036096 0.066845
0 0.680927 0.435829 0.050802 0.066845
0 0.626114 0.552807 0.037433 0.076203
0 0.556595 0.546791 0.021390 0.090909
0 0.517157 0.548128 0.036096 0.082888
0 0.593360 0.615642 0.022727 0.070856
0 0.575312 0.699198 0.058824 0.074866
0 0.686274 0.725267 0.061497 0.062834
0 0.523173 0.860963 0.045455 0.101604
0 0.719697 0.943850 0.042781 0.082888
0 0.337344 0.677139 0.037433 0.062834
0 0.444296 0.691845 0.037433 0.062834
0 0.380125 0.727273 0.032086 0.093583
0 0.484403 0.363636 0.032086 0.066845
0 0.535205 0.237968 0.064171 0.080214
0 0.556595 0.182487 0.056150 0.073529
0 0.626114 0.231952 0.037433 0.089572
0 0.363414 0.355615 0.054813 0.061497
0 0.233066 0.322193 0.042781 0.069519
0 0.138146 0.336230 0.040107 0.062834
0 0.046569 0.401070 0.070856 0.045455
0 0.169563 0.443850 0.068182 0.061497
0 0.271168 0.422460 0.065508 0.061497
0 0.186274 0.360294 0.045455 0.065508
0 0.043226 0.671123 0.045455 0.077540
0 0.152184 0.750000 0.068182 0.048128