0 0.034537 0.407086 0.065508 0.054813
0 0.132130 0.342914 0.044118 0.081551
0 0.046569 0.679144 0.036096 0.098930
0 0.179590 0.358289 0.042781 0.056150
0 0.235740 0.180481 0.042781 0.048128
0 0.166889 0.445856 0.049465 0.060160
0 0.221702 0.321524 0.041444 0.070856
0 0.234403 0.415775 0.040107 0.082888
0 0.344028 0.356952 0.050802 0.064171
0 0.148841 0.759358 0.061497 0.034759
0 0.341355 0.671123 0.040107 0.050802
0 0.475713 0.372326 0.028075 0.070856
0 0.533200 0.230615 0.046791 0.070856
0 0.555927 0.184492 0.046791 0.056150
0 0.619430 0.224599 0.040107 0.085561
0 0.753788 0.085561 0.017380 0.082888
0 0.777184 0.111631 0.045455 0.062834
0 0.782531 0.140374 0.034759 0.053476
0 0.813280 0.149064 0.042781 0.060160
0 0.675579 0.320187 0.040107 0.078877
0 0.725045 0.314171 0.042781 0.058824
0 0.808601 0.256016 0.038770 0.054813
0 0.744430 0.384358 0.057487 0.065508
0 0.664216 0.431818 0.060160 0.053476
0 0.788547 0.485294 0.054813 0.066845
0 0.522504 0.538102 0.036096 0.084225
0 0.561943 0.547460 0.026738 0.062834
0 0.626114 0.551471 0.029412 0.070856
0 0.585339 0.612299 0.046791 0.066845
0 0.567959 0.706551 0.052139 0.070856
0 0.672905 0.727273 0.040107 0.061497
0 0.528520 0.870989 0.050802 0.086898
0 0.715018 0.947193 0.038770 0.073529
0 0.438948 0.695187 0.037433 0.056150
0 0.377451 0.731952 0.037433 0.078877