0 0.975713 0.681150 0.022727 0.052139
0 0.841355 0.772059 0.061497 0.049465
0 0.612077 0.735294 0.025401 0.066845
0 0.557264 0.687834 0.038770 0.044118
0 0.456328 0.856952 0.034759 0.085561
0 0.280526 0.940508 0.062834 0.070856
0 0.177585 0.094251 0.038770 0.089572
0 0.220365 0.091578 0.038770 0.084225
0 0.378788 0.193182 0.034759 0.086898
0 0.277852 0.269385 0.038770 0.068182
0 0.245766 0.343583 0.041444 0.064171
0 0.327986 0.277406 0.045455 0.097594
0 0.478387 0.176471 0.041444 0.098930
0 0.437611 0.145722 0.042781 0.090909
0 0.255793 0.038102 0.050802 0.073529
0 0.229724 0.054813 0.036096 0.085561
0 0.186274 0.195856 0.045455 0.073529
0 0.212344 0.453209 0.033422 0.064171
0 0.295900 0.706551 0.050802 0.065508
0 0.368093 0.510695 0.029412 0.077540
0 0.464349 0.309492 0.045455 0.054813
0 0.525847 0.347594 0.037433 0.093583
0 0.665553 0.312834 0.041444 0.085561
0 0.746435 0.193850 0.048128 0.080214
0 0.781863 0.159759 0.054813 0.076203
0 0.813280 0.275401 0.032086 0.077540
0 0.867424 0.344920 0.049465 0.050802
0 0.783868 0.387701 0.048128 0.045455
0 0.838681 0.434492 0.045455 0.048128
0 0.872772 0.477273 0.062834 0.058824
0 0.638146 0.661765 0.056150 0.074866
0 0.418226 0.697861 0.036096 0.064171
0 0.420900 0.597594 0.022727 0.072193
0 0.442959 0.521390 0.024064 0.082888
0 0.484403 0.501337 0.053476 0.074866