0 0.271836 0.157754 0.066845 0.056150
0 0.569964 0.239305 0.058824 0.069519
0 0.586007 0.183824 0.053476 0.038770
0 0.650178 0.252005 0.045455 0.100267
0 0.800579 0.121658 0.017380 0.074866
0 0.822638 0.144385 0.045455 0.056150
0 0.827986 0.177807 0.034759 0.058824
0 0.860740 0.191176 0.038770 0.074866
0 0.832665 0.295455 0.041444 0.053476
0 0.692291 0.343583 0.036096 0.074866
0 0.739750 0.335561 0.056150 0.042781
0 0.753788 0.405749 0.044118 0.062834
0 0.775178 0.503342 0.052139 0.060160
0 0.677585 0.454545 0.038770 0.045455
0 0.519162 0.538102 0.021390 0.081551
0 0.545232 0.554813 0.049465 0.074866
0 0.620766 0.565508 0.048128 0.090909
0 0.565285 0.622326 0.036096 0.052139
0 0.549242 0.712567 0.038770 0.080214
0 0.642157 0.745989 0.048128 0.061497
0 0.477718 0.867647 0.042781 0.085561
0 0.655526 0.965909 0.026738 0.068182
0 0.416889 0.681818 0.036096 0.045455
0 0.352718 0.733289 0.038770 0.086898
0 0.323307 0.647059 0.054813 0.040107
0 0.495766 0.375000 0.038770 0.073529
0 0.370766 0.344251 0.048128 0.065508
0 0.251783 0.297460 0.045455 0.070856
0 0.156863 0.287433 0.040107 0.069519
0 0.195633 0.320187 0.037433 0.070856
0 0.178922 0.406417 0.044118 0.056150
0 0.249777 0.390374 0.041444 0.082888
0 0.051916 0.350936 0.057487 0.049465
0 0.025178 0.622995 0.038770 0.093583
0 0.120098 0.713904 0.052139 0.040107