0 0.284537 0.160428 0.068182 0.050802
0 0.163547 0.290107 0.042781 0.069519
0 0.025847 0.616310 0.034759 0.096257
0 0.122772 0.691176 0.052139 0.042781
0 0.057932 0.343583 0.056150 0.069519
0 0.211007 0.318850 0.041444 0.057487
0 0.260472 0.292781 0.065508 0.069519
0 0.189617 0.401070 0.041444 0.056150
0 0.279857 0.387701 0.034759 0.050802
0 0.386141 0.336898 0.046791 0.061497
0 0.500446 0.364305 0.032086 0.068182
0 0.575312 0.242647 0.058824 0.068182
0 0.612745 0.205214 0.053476 0.078877
0 0.670900 0.254679 0.060160 0.084225
0 0.807932 0.143048 0.018717 0.069519
0 0.836007 0.159759 0.045455 0.070856
0 0.825312 0.197193 0.024064 0.076203
0 0.870098 0.202540 0.044118 0.073529
0 0.693627 0.350267 0.036096 0.056150
0 0.739082 0.351604 0.041444 0.069519
0 0.836007 0.307487 0.021390 0.069519
0 0.756462 0.415775 0.038770 0.050802
0 0.680927 0.449198 0.045455 0.050802
0 0.519831 0.545455 0.022727 0.082888
0 0.555927 0.551471 0.041444 0.060160
0 0.618761 0.564840 0.049465 0.062834
0 0.563948 0.620321 0.044118 0.066845
0 0.785873 0.515374 0.041444 0.054813
0 0.552585 0.711898 0.053476 0.068182
0 0.652852 0.743316 0.042781 0.048128
0 0.481061 0.860963 0.044118 0.077540
0 0.654857 0.959225 0.028075 0.068182
0 0.312611 0.649733 0.036096 0.064171
0 0.354055 0.700535 0.028075 0.072193
0 0.419563 0.685160 0.054813 0.052139