0 0.268494 0.151738 0.060160 0.052139
0 0.050579 0.352273 0.065508 0.065508
0 0.153520 0.295455 0.041444 0.085561
0 0.200980 0.318182 0.048128 0.072193
0 0.256462 0.291444 0.057487 0.077540
0 0.179590 0.397727 0.037433 0.057487
0 0.252451 0.391711 0.049465 0.080214
0 0.020499 0.616979 0.034759 0.076203
0 0.375446 0.338235 0.038770 0.066845
0 0.564617 0.241310 0.048128 0.068182
0 0.598039 0.195187 0.053476 0.066845
0 0.655526 0.245321 0.040107 0.078877
0 0.487077 0.366979 0.034759 0.078877
0 0.114750 0.709225 0.060160 0.041444
0 0.319964 0.648396 0.040107 0.042781
0 0.410873 0.679144 0.050802 0.050802
0 0.350045 0.713235 0.033422 0.073529
0 0.519162 0.544118 0.024064 0.085561
0 0.678922 0.452540 0.041444 0.044118
0 0.547237 0.553476 0.050802 0.082888
0 0.789216 0.516711 0.032086 0.065508
0 0.621435 0.561497 0.041444 0.066845
0 0.566622 0.622995 0.052139 0.056150
0 0.549242 0.713904 0.057487 0.074866
0 0.640820 0.745321 0.050802 0.060160
0 0.475045 0.868984 0.048128 0.098930
0 0.648841 0.965909 0.050802 0.068182
0 0.754456 0.405749 0.048128 0.049465
0 0.692959 0.339572 0.032086 0.056150
0 0.742424 0.342246 0.056150 0.050802
0 0.828654 0.299465 0.041444 0.066845
0 0.804590 0.122995 0.020053 0.082888
0 0.823307 0.143048 0.046791 0.064171
0 0.836676 0.181818 0.044118 0.056150
0 0.855392 0.200535 0.041444 0.069519