0 0.196301 0.074866 0.062834 0.082888
0 0.172905 0.092914 0.056150 0.057487
0 0.125446 0.143048 0.038770 0.085561
0 0.174911 0.135695 0.070856 0.097594
0 0.145499 0.238636 0.054813 0.081551
0 0.346034 0.211898 0.046791 0.073529
0 0.391488 0.160428 0.038770 0.082888
0 0.430927 0.183155 0.053476 0.090909
0 0.289884 0.309492 0.046791 0.084225
0 0.248440 0.296791 0.052139 0.066845
0 0.229055 0.381684 0.066845 0.068182
0 0.206328 0.483289 0.053476 0.073529
0 0.445633 0.318182 0.034759 0.066845
0 0.499777 0.342246 0.049465 0.066845
0 0.636809 0.298128 0.032086 0.080214
0 0.711007 0.166444 0.054813 0.078877
0 0.743761 0.135027 0.058824 0.058824
0 0.778520 0.233957 0.037433 0.074866
0 0.844697 0.303476 0.052139 0.042781
0 0.765151 0.353610 0.056150 0.046791
0 0.824643 0.393048 0.044118 0.053476
0 0.864082 0.425134 0.053476 0.045455
0 0.883467 0.719251 0.057487 0.040107
0 0.992201 0.595588 0.015597 0.049465
0 0.658200 0.637032 0.053476 0.070856
0 0.571970 0.677807 0.044118 0.048128
0 0.645499 0.717246 0.033422 0.084225
0 0.446970 0.700535 0.037433 0.056150
0 0.513815 0.865642 0.048128 0.094920
0 0.331328 0.961898 0.044118 0.076203
0 0.322638 0.731283 0.058824 0.069519
0 0.368761 0.526070 0.041444 0.073529
0 0.446301 0.521390 0.025401 0.072193
0 0.483066 0.508690 0.034759 0.070856
0 0.437611 0.602941 0.045455 0.069519