0 0.226381 0.451872 0.045455 0.072193
0 0.267157 0.354947 0.038770 0.049465
0 0.299911 0.296123 0.026738 0.062834
0 0.339349 0.312834 0.014706 0.074866
0 0.396836 0.220588 0.036096 0.088235
0 0.466355 0.185160 0.033422 0.060160
0 0.496435 0.232620 0.072193 0.056150
0 0.529857 0.367647 0.037433 0.085561
0 0.331328 0.417112 0.049465 0.066845
0 0.377451 0.539439 0.042781 0.065508
0 0.308601 0.705882 0.044118 0.050802
0 0.416889 0.698529 0.041444 0.065508
0 0.401515 0.606952 0.037433 0.040107
0 0.442959 0.538770 0.040107 0.093583
0 0.469028 0.530749 0.046791 0.080214
0 0.648841 0.367647 0.050802 0.058824
0 0.789884 0.207888 0.062834 0.049465
0 0.777852 0.346257 0.033422 0.080214
0 0.735071 0.440508 0.044118 0.057487
0 0.824643 0.385695 0.022727 0.065508
0 0.877451 0.371658 0.037433 0.074866
0 0.833333 0.475267 0.056150 0.060160
0 0.968360 0.450535 0.053476 0.053476
0 0.652184 0.693182 0.046791 0.081551
0 0.543226 0.697193 0.042781 0.060160
0 0.442959 0.870989 0.048128 0.100267
0 0.254456 0.916444 0.040107 0.081551
0 0.603387 0.742647 0.040107 0.102941
0 0.831996 0.775401 0.058824 0.040107
0 0.947638 0.710561 0.044118 0.092246
0 0.221034 0.232620 0.040107 0.088235
0 0.207665 0.136364 0.034759 0.072193
0 0.240419 0.122995 0.038770 0.077540
0 0.246435 0.084225 0.032086 0.061497
0 0.272504 0.062166 0.036096 0.070856